0 0.15546875 0.38515625 0.18671875 0.2140625
0 0.09375 0.55859375 0.1875 0.1984375
0 0.090625 0.7421875 0.16875 0.1734375
0 0.21953125 0.859375 0.16015625 0.26328125
0 0.35390625 0.321875 0.1359375 0.22109375
0 0.49765625 0.4796875 0.20234375 0.26875
0 0.21953125 0.203125 0.16484375 0.24453125
0 0.4828125 0.23515625 0.1484375 0.24453125
0 0.8078125 0.2046875 0.1546875 0.25859375
0 0.92109375 0.43828125 0.1578125 0.28828125
0 0.73046875 0.4171875 0.14921875 0.23671875
0 0.75078125 0.8515625 0.1359375 0.24921875
0 0.8109375 0.6265625 0.171875 0.2578125
0 0.25078125 0.63046875 0.1953125 0.19453125
0 0.36171875 0.82734375 0.11953125 0.209375