0 0.64765625 0.67109375 0.1875 0.24375
0 0.4796875 0.81640625 0.19375 0.309375
0 0.1515625 0.8609375 0.17890625 0.27734375
0 0.11171875 0.6296875 0.17265625 0.22265625
0 0.409375 0.26171875 0.16171875 0.26171875
0 0.5859375 0.303125 0.14765625 0.24296875
0 0.69140625 0.87734375 0.14609375 0.24453125
0 0.2859375 0.678125 0.175 0.25390625
0 0.11484375 0.409375 0.2296875 0.21875
0 0.2078125 0.22578125 0.15703125 0.2328125
0 0.3046875 0.43671875 0.17578125 0.24140625
0 0.5640625 0.5171875 0.165625 0.171875