0 0.48359375 0.23203125 0.15 0.2453125
0 0.1609375 0.37734375 0.17734375 0.20390625
0 0.81953125 0.625 0.17421875 0.26015625
0 0.925 0.4390625 0.14921875 0.28515625
0 0.7578125 0.84609375 0.1390625 0.25234375
0 0.54296875 0.828125 0.2 0.203125
0 0.35703125 0.31796875 0.13515625 0.2234375
0 0.81015625 0.1953125 0.15390625 0.24375
0 0.50625 0.4640625 0.20546875 0.26484375
0 0.63203125 0.2703125 0.1625 0.209375
0 0.10703125 0.73203125 0.178125 0.1765625
0 0.25703125 0.625 0.19140625 0.19921875
0 0.3671875 0.8140625 0.1265625 0.2015625
0 0.22421875 0.84140625 0.15859375 0.25859375