0 0.8859375 0.42265625 0.21640625 0.3390625
0 0.66484375 0.853125 0.15859375 0.27890625
0 0.73359375 0.625 0.1796875 0.2890625
0 0.65078125 0.38359375 0.1640625 0.26640625
0 0.746875 0.14140625 0.178125 0.27890625
0 0.546875 0.62421875 0.1703125 0.29765625
0 0.540625 0.215625 0.178125 0.22265625
0 0.103125 0.3125 0.16640625 0.1953125
0 0.440625 0.8015625 0.2109375 0.2046875
0 0.3375 0.60859375 0.16875 0.24375
0 0.40859375 0.421875 0.2203125 0.28046875
0 0.26796875 0.25703125 0.128125 0.228125
0 0.3875 0.16796875 0.17109375 0.259375
0 0.1546875 0.7734375 0.15078125 0.2375
0 0.0609375 0.6375 0.121875 0.178125
0 0.2765625 0.76015625 0.1234375 0.21328125
0 0.17890625 0.55859375 0.1734375 0.19296875
0 0.16328125 0.1453125 0.1515625 0.246875
0 0.07265625 0.47265625 0.1453125 0.1828125