0 0.2375 0.0046875 0.2609375 0.0140625 0.2671875 0.01875 0.271875 0.01875 0.278125 0.0234375 0.278125 0.0265625 0.28125 0.028125 0.29375 0.046875 0.3078125 0.0703125 0.31875 0.1 0.3234375 0.121875 0.325 0.1484375 0.31875 0.2046875 0.3109375 0.2234375 0.3015625 0.2296875 0.2984375 0.2375 0.2859375 0.2515625 0.259375 0.3 0.234375 0.3125 0.20625 0.3125 0.1953125 0.3078125 0.175 0.2890625 0.1671875 0.278125 0.159375 0.2578125 0.15625 0.2375 0.146875 0.20625 0.1421875 0.1484375 0.1453125 0.134375 0.146875 0.090625 0.15625 0.0640625 0.16875 0.0421875 0.1921875 0.0171875 0.2015625 0.0109375 0.21875 0.0046875 0.2359375 0.0046875
0 0.5578125 0.0484375 0.584375 0.05625 0.60625 0.0703125 0.6203125 0.084375 0.63125 0.1015625 0.64375 0.1296875 0.6484375 0.1515625 0.6484375 0.184375 0.640625 0.21875 0.6296875 0.2390625 0.6125 0.2515625 0.5953125 0.26875 0.578125 0.29375 0.5703125 0.3015625 0.5609375 0.3046875 0.528125 0.309375 0.5109375 0.3078125 0.4703125 0.296875 0.4484375 0.2609375 0.434375 0.2421875 0.409375 0.2171875 0.3875 0.20625 0.3859375 0.1875 0.390625 0.1625 0.4015625 0.1375 0.4140625 0.1203125 0.45 0.084375 0.4828125 0.0640625 0.5046875 0.0546875 0.5328125 0.0484375 0.55625 0.0484375
0 0.7734375 0.0796875 0.784375 0.084375 0.7984375 0.096875 0.8171875 0.125 0.8328125 0.1578125 0.8375 0.203125 0.8328125 0.25 0.8265625 0.26875 0.8265625 0.275 0.81875 0.29375 0.8015625 0.3171875 0.7796875 0.3296875 0.7765625 0.3296875 0.771875 0.325 0.7546875 0.2953125 0.73125 0.26875 0.7046875 0.2484375 0.675 0.2375 0.671875 0.2328125 0.6703125 0.2234375 0.671875 0.1859375 0.678125 0.1546875 0.7 0.1140625 0.7140625 0.096875 0.73125 0.084375 0.75 0.078125 0.7703125 0.078125 0.771875 0.0796875
0 0.91796875 0.1625 0.1640625 0.30859375
0 0.36875 0.4 0.2421875 0.40078125
0 0.12734375 0.42421875 0.2546875 0.34765625
0 0.57734375 0.66328125 0.3203125 0.4140625
0 0.68515625 0.3859375 0.23828125 0.31328125
0 0.9046875 0.43515625 0.18984375 0.27890625
0 0.83125 0.63671875 0.1921875 0.2109375
0 0.21640625 0.734375 0.23515625 0.36640625
0 0.8203125 0.8640625 0.203125 0.271875