0 0.2125 0 0.3109375 0 0.3234375 0.015625 0.328125 0.03125 0.3421875 0.05625 0.353125 0.0828125 0.3609375 0.1171875 0.3640625 0.1484375 0.3671875 0.159375 0.3640625 0.190625 0.3609375 0.2046875 0.353125 0.2234375 0.3453125 0.2359375 0.3359375 0.2453125 0.3171875 0.2578125 0.29375 0.259375 0.278125 0.2515625 0.2671875 0.25 0.2546875 0.240625 0.2296875 0.215625 0.209375 0.1890625 0.19375 0.1578125 0.1875 0.134375 0.184375 0.1015625 0.184375 0.0734375 0.1875 0.05 0.196875 0.025 0.2125 0.0015625
0 0.56875 0.040625 0.596875 0.05625 0.61875 0.078125 0.63125 0.0984375 0.640625 0.1203125 0.6484375 0.15625 0.6484375 0.2015625 0.6390625 0.2390625 0.6203125 0.2671875 0.6109375 0.275 0.5875 0.284375 0.5421875 0.2828125 0.51875 0.259375 0.5046875 0.23125 0.496875 0.2 0.496875 0.1875 0.4921875 0.16875 0.4921875 0.15 0.5 0.1109375 0.51875 0.0671875 0.528125 0.053125 0.5390625 0.0421875 0.5484375 0.0390625 0.565625 0.0390625 0.5671875 0.040625
0 0.3359375 0.7234375 0.3546875 0.7421875 0.3640625 0.76875 0.3671875 0.7859375 0.3671875 0.8390625 0.36875 0.840625 0.3671875 0.871875 0.35625 0.9234375 0.3390625 0.959375 0.325 0.978125 0.3109375 0.9921875 0.3015625 0.9984375 0.2484375 0.9984375 0.2359375 0.9828125 0.225 0.98125 0.2203125 0.9734375 0.21875 0.9640625 0.20625 0.9453125 0.1984375 0.925 0.1953125 0.9015625 0.1953125 0.8671875 0.20625 0.815625 0.2265625 0.775 0.2375 0.759375 0.2625 0.734375 0.2734375 0.7265625 0.3109375 0.7265625 0.3234375 0.7234375 0.334375 0.7234375
0 0.59609375 0.425 0.2140625 0.28828125
0 0.19140625 0.328125 0.22578125 0.25234375
0 0.11875 0.75390625 0.203125 0.22734375
0 0.31875 0.61171875 0.22265625 0.221875
0 0.615625 0.79140625 0.2 0.215625
0 0.8078125 0.77265625 0.14453125 0.24609375
0 0.94375 0.37890625 0.1125 0.26640625
0 0.721875 0.21484375 0.159375 0.2140625
0 0.43203125 0.25390625 0.15078125 0.24453125
0 0.43671875 0.809375 0.1359375 0.22265625
0 0.725 0.5890625 0.171875 0.28671875
0 0.865625 0.146875 0.15078125 0.2484375
0 0.11484375 0.53828125 0.2296875 0.2265625
0 0.51015625 0.63046875 0.1703125 0.2296875