0 0.24140625 0.196875 0.15859375 0.2359375
0 0.49375 0.2265625 0.15859375 0.246875
0 0.6390625 0.2625 0.15 0.2078125
0 0.8234375 0.18828125 0.1546875 0.2625
0 0.93125 0.43125 0.1375 0.28671875
0 0.7671875 0.8421875 0.134375 0.2515625
0 0.8296875 0.6203125 0.17109375 0.26015625
0 0.27109375 0.6234375 0.1875 0.18828125
0 0.55390625 0.8265625 0.20390625 0.19453125
0 0.375 0.809375 0.125 0.209375
0 0.10546875 0.546875 0.184375 0.19765625
0 0.2390625 0.8390625 0.15625 0.25390625
0 0.3734375 0.3125 0.1328125 0.215625
0 0.44296875 0.6625 0.15625 0.20859375
0 0.51796875 0.46484375 0.2015625 0.25625
0 0.74453125 0.4125 0.1515625 0.23515625
0 0.65625 0.64375 0.1625 0.27578125
0 0.16875 0.36796875 0.1703125 0.19921875