0 0.48828125 0.303125 0.20234375 0.26328125
0 0.57265625 0.5703125 0.2046875 0.2734375
0 0.728125 0.52109375 0.15234375 0.23984375
0 0.27265625 0.73984375 0.19921875 0.22734375
0 0.0484375 0.4171875 0.096875 0.24765625
0 0.25078125 0.915625 0.16796875 0.16796875
0 0.45234375 0.7828125 0.16875 0.23125
0 0.359375 0.415625 0.15859375 0.209375
0 0.66875 0.25703125 0.20390625 0.209375
0 0.85625 0.22421875 0.18125 0.23515625
0 0.86875 0.7625 0.18984375 0.234375
0 0.67109375 0.7640625 0.165625 0.28671875
0 0.1234375 0.8296875 0.16875 0.19140625