0 0.9328125 0.4265625 0.134375 0.2875
0 0.6390625 0.26171875 0.1625 0.20859375
0 0.74609375 0.40625 0.15234375 0.23671875
0 0.7671875 0.84140625 0.14453125 0.25
0 0.103125 0.54609375 0.19296875 0.19921875
0 0.821875 0.1890625 0.15 0.25078125
0 0.440625 0.66171875 0.16796875 0.21015625
0 0.37265625 0.315625 0.134375 0.21875
0 0.51640625 0.46328125 0.209375 0.2765625
0 0.659375 0.64453125 0.159375 0.28359375
0 0.26640625 0.62109375 0.18984375 0.19375
0 0.2359375 0.196875 0.1546875 0.24375
0 0.49296875 0.21796875 0.15625 0.240625
0 0.55078125 0.828125 0.20390625 0.203125