0 0.79609375 0.20703125 0.153125 0.25
0 0.92109375 0.4484375 0.1578125 0.28359375
0 0.1515625 0.3875 0.17734375 0.20859375
0 0.74765625 0.85546875 0.1375 0.246875
0 0.35234375 0.32578125 0.1390625 0.215625
0 0.47734375 0.2390625 0.1484375 0.23515625
0 0.24765625 0.64609375 0.196875 0.17890625
0 0.5 0.47890625 0.209375 0.25859375
0 0.6265625 0.278125 0.15625 0.20234375
0 0.72734375 0.4203125 0.15703125 0.23515625
0 0.5359375 0.840625 0.209375 0.19921875
0 0.4296875 0.68125 0.1796875 0.21015625
0 0.64765625 0.66171875 0.15390625 0.27578125
0 0.221875 0.209375 0.15625 0.2390625