0 0.2421875 0.1078125 0.2515625 0.1125 0.2703125 0.128125 0.2875 0.15625 0.303125 0.2 0.309375 0.2546875 0.30625 0.275 0.29375 0.309375 0.2734375 0.3296875 0.2578125 0.3359375 0.25 0.3359375 0.2421875 0.3328125 0.2265625 0.31875 0.1984375 0.3046875 0.1875 0.29375 0.178125 0.28125 0.1671875 0.2578125 0.1625 0.24375 0.159375 0.221875 0.159375 0.190625 0.1625 0.171875 0.171875 0.146875 0.184375 0.1265625 0.1953125 0.115625 0.2078125 0.1078125 0.2234375 0.1046875 0.234375 0.1046875 0.240625 0.1078125
0 0.803125 0.096875 0.83125 0.1109375 0.8484375 0.1296875 0.85625 0.1421875 0.865625 0.165625 0.8703125 0.1875 0.871875 0.2390625 0.865625 0.2703125 0.859375 0.2859375 0.8484375 0.3015625 0.840625 0.31875 0.8359375 0.3234375 0.825 0.3234375 0.809375 0.3328125 0.796875 0.3359375 0.771875 0.3296875 0.7546875 0.315625 0.7421875 0.2984375 0.7375 0.2890625 0.728125 0.25625 0.7265625 0.20625 0.728125 0.2046875 0.7296875 0.165625 0.7375 0.140625 0.7453125 0.1265625 0.7546875 0.1140625 0.7640625 0.10625 0.784375 0.096875 0.8015625 0.096875
0 0.49375 0.1375 0.509375 0.146875 0.5265625 0.1640625 0.5328125 0.1734375 0.5484375 0.209375 0.553125 0.2375 0.553125 0.25625 0.5484375 0.296875 0.5375 0.3234375 0.51875 0.3453125 0.5078125 0.3515625 0.4984375 0.353125 0.484375 0.359375 0.46875 0.3546875 0.459375 0.3546875 0.4484375 0.35 0.4296875 0.3296875 0.4203125 0.309375 0.4203125 0.3046875 0.4171875 0.3015625 0.4171875 0.2953125 0.4125 0.2828125 0.4109375 0.234375 0.4171875 0.2078125 0.425 0.1890625 0.4390625 0.1640625 0.45 0.15 0.4625 0.1375 0.4734375 0.1328125 0.48125 0.1328125 0.4921875 0.1375
0 0.36640625 0.33125 0.128125 0.21953125
0 0.16875 0.39453125 0.171875 0.19609375
0 0.91640625 0.45 0.16640625 0.27265625
0 0.746875 0.83515625 0.13125 0.24296875
0 0.8046875 0.625 0.16015625 0.24375
0 0.540625 0.82109375 0.1953125 0.19140625
0 0.71875 0.42265625 0.15 0.2296875
0 0.2421875 0.8453125 0.15546875 0.23515625
0 0.265625 0.6328125 0.184375 0.1921875
0 0.43515625 0.6703125 0.15625 0.21640625
0 0.6421875 0.653125 0.15390625 0.271875
0 0.5046875 0.47734375 0.19609375 0.24453125
0 0.62578125 0.284375 0.15 0.190625
0 0.37265625 0.8125 0.11796875 0.20546875
0 0.11015625 0.56171875 0.19140625 0.19140625
0 0.11484375 0.73828125 0.15859375 0.18359375