0 0.20859375 0.16328125 0.1734375 0.24453125
0 0.28671875 0.3734375 0.18359375 0.25625
0 0.10078125 0.33671875 0.20078125 0.2265625
0 0.08671875 0.56328125 0.1734375 0.2203125
0 0.2640625 0.6234375 0.18046875 0.253125
0 0.12421875 0.81015625 0.18046875 0.29921875
0 0.57578125 0.2546875 0.153125 0.240625
0 0.55703125 0.46484375 0.16953125 0.1921875
0 0.6328125 0.62421875 0.1796875 0.26015625
0 0.46484375 0.7625 0.19609375 0.2890625
0 0.29921875 0.896875 0.22578125 0.20546875
0 0.68046875 0.83671875 0.1453125 0.2609375
0 0.4015625 0.190625 0.1578125 0.28984375