0 0.0859375 0.159375 0.096875 0.1640625 0.1125 0.175 0.1234375 0.1859375 0.140625 0.209375 0.1515625 0.2390625 0.1515625 0.246875 0.1578125 0.26875 0.1578125 0.284375 0.1546875 0.303125 0.1484375 0.321875 0.134375 0.3328125 0.1109375 0.359375 0.1015625 0.3625 0.0765625 0.3625 0.0625 0.3578125 0.0421875 0.3421875 0.0296875 0.325 0.01875 0.3046875 0.003125 0.2546875 0.009375 0.20625 0.021875 0.178125 0.03125 0.16875 0.04375 0.1625 0.0671875 0.15625 0.084375 0.159375
0 0.825 0.4796875 0.8671875 0.490625 0.890625 0.5046875 0.9015625 0.515625 0.9171875 0.5390625 0.928125 0.565625 0.928125 0.6015625 0.91875 0.6265625 0.91875 0.6359375 0.9046875 0.65 0.8984375 0.659375 0.8875 0.66875 0.865625 0.678125 0.8484375 0.678125 0.8359375 0.675 0.8125 0.6609375 0.796875 0.6453125 0.78125 0.621875 0.76875 0.596875 0.7578125 0.5625 0.75625 0.5234375 0.7578125 0.515625 0.7671875 0.4984375 0.7796875 0.4875 0.7890625 0.4828125 0.8234375 0.4796875
0 0.321875 0.453125 0.3453125 0.4671875 0.3640625 0.4875 0.3734375 0.503125 0.3828125 0.5328125 0.384375 0.5921875 0.38125 0.6078125 0.3703125 0.63125 0.3578125 0.64375 0.3421875 0.65 0.33125 0.65 0.3125 0.6453125 0.296875 0.6375 0.2546875 0.609375 0.234375 0.5875 0.2234375 0.565625 0.2203125 0.5515625 0.21875 0.5265625 0.2234375 0.496875 0.2296875 0.4828125 0.2421875 0.46875 0.25625 0.4625 0.259375 0.45625 0.2640625 0.453125 0.2734375 0.453125 0.2859375 0.4484375 0.303125 0.4484375 0.3203125 0.453125
0 0.665625 0.4578125 0.6765625 0.4625 0.69375 0.475 0.7078125 0.4921875 0.7203125 0.5171875 0.73125 0.5625 0.73125 0.6 0.728125 0.61875 0.7203125 0.6421875 0.7078125 0.6640625 0.7 0.6734375 0.671875 0.69375 0.665625 0.6953125 0.64375 0.69375 0.609375 0.6609375 0.590625 0.628125 0.584375 0.6 0.584375 0.55 0.5875 0.5390625 0.5875 0.5265625 0.5921875 0.5109375 0.6046875 0.4859375 0.625 0.4625 0.6359375 0.45625 0.6546875 0.4546875 0.6640625 0.4578125
0 0.7234375 0.6640625 0.7359375 0.6671875 0.7515625 0.678125 0.7609375 0.6921875 0.76875 0.721875 0.7671875 0.7578125 0.759375 0.7859375 0.7484375 0.809375 0.728125 0.8359375 0.715625 0.8453125 0.7015625 0.8515625 0.6671875 0.853125 0.6515625 0.846875 0.634375 0.8296875 0.6234375 0.8078125 0.625 0.8015625 0.64375 0.7734375 0.65 0.7546875 0.6515625 0.7421875 0.65 0.7046875 0.65625 0.7 0.6671875 0.6984375 0.68125 0.690625 0.6984375 0.678125 0.7109375 0.665625 0.721875 0.665625
0 0.421875 0.690625 0.44375 0.703125 0.4578125 0.71875 0.471875 0.74375 0.478125 0.7671875 0.478125 0.81875 0.475 0.8296875 0.4609375 0.853125 0.4515625 0.8609375 0.440625 0.865625 0.415625 0.8640625 0.403125 0.8578125 0.384375 0.8390625 0.3734375 0.8234375 0.359375 0.79375 0.35 0.7515625 0.35 0.7359375 0.353125 0.7234375 0.359375 0.7125 0.36875 0.703125 0.3796875 0.6953125 0.3953125 0.6890625 0.4203125 0.690625
0 0.5015625 0.0546875 0.515625 0.0640625 0.528125 0.0765625 0.54375 0.0984375 0.5484375 0.1140625 0.5578125 0.13125 0.565625 0.1578125 0.56875 0.1609375 0.5734375 0.184375 0.571875 0.215625 0.5578125 0.2421875 0.5390625 0.259375 0.5140625 0.2671875 0.49375 0.265625 0.484375 0.2625 0.4734375 0.2578125 0.4546875 0.24375 0.4421875 0.2265625 0.434375 0.20625 0.4296875 0.2015625 0.425 0.190625 0.4171875 0.1640625 0.415625 0.15 0.4171875 0.14375 0.415625 0.13125 0.41875 0.115625 0.4265625 0.0875 0.4375 0.0671875 0.4515625 0.05625 0.46875 0.05 0.4859375 0.05 0.5 0.0546875
0 0.303125 0.64375 0.30625 0.646875 0.328125 0.6546875 0.3359375 0.6640625 0.3421875 0.678125 0.3453125 0.6890625 0.3453125 0.70625 0.3484375 0.7203125 0.346875 0.76875 0.3375 0.8109375 0.3234375 0.84375 0.3125 0.859375 0.2984375 0.8734375 0.2875 0.88125 0.2671875 0.8890625 0.25625 0.8890625 0.246875 0.8859375 0.2234375 0.8625 0.2203125 0.8625 0.215625 0.8578125 0.215625 0.8515625 0.209375 0.8390625 0.2015625 0.8140625 0.1984375 0.7875 0.2 0.7453125 0.209375 0.7125 0.2375 0.66875 0.259375 0.65 0.2734375 0.6421875 0.2953125 0.640625 0.3015625 0.64375
0 0.23515625 0.20546875 0.16640625 0.17109375
0 0.7078125 0.3515625 0.13671875 0.22890625
0 0.465625 0.59609375 0.159375 0.18828125