0 0.4953125 0.47734375 0.20390625 0.2609375
0 0.14765625 0.390625 0.17265625 0.21484375
0 0.08671875 0.74453125 0.17265625 0.1875
0 0.7453125 0.8609375 0.13828125 0.2515625
0 0.91796875 0.44765625 0.1640625 0.27734375
0 0.35 0.32265625 0.13671875 0.209375
0 0.21484375 0.209375 0.1578125 0.2421875
0 0.47421875 0.23828125 0.16015625 0.2453125
0 0.5328125 0.840625 0.19921875 0.19921875
0 0.71875 0.42109375 0.15625 0.22109375
0 0.6203125 0.28125 0.15078125 0.203125
0 0.796875 0.2078125 0.153125 0.24921875