0 0.0875 0.3078125 0.1546875 0.20703125
0 0.24140625 0.2515625 0.16875 0.16953125
0 0.196875 0.4453125 0.17734375 0.18671875
0 0.16484375 0.66640625 0.15078125 0.178125
0 0.271875 0.80234375 0.153125 0.26171875
0 0.415625 0.815625 0.13515625 0.1828125
0 0.38515625 0.29609375 0.1234375 0.1859375
0 0.48828125 0.21171875 0.16484375 0.2015625
0 0.6375 0.1765625 0.16484375 0.18125
0 0.78203125 0.15546875 0.15234375 0.196875
0 0.82890625 0.39921875 0.17109375 0.21171875
0 0.82578125 0.6171875 0.17890625 0.20390625
0 0.69296875 0.79453125 0.140625 0.19609375
0 0.4625 0.63125 0.15625 0.1859375
0 0.3046875 0.58984375 0.16484375 0.196875
0 0.559375 0.79140625 0.1703125 0.18203125
0 0.5640625 0.41875 0.17578125 0.2125
0 0.69453125 0.39765625 0.13046875 0.1984375