0 0.5078125 0.46953125 0.2046875 0.2515625
0 0.80859375 0.19453125 0.1546875 0.24609375
0 0.9234375 0.43125 0.153125 0.28125
0 0.75625 0.84453125 0.13515625 0.24296875
0 0.15390625 0.37578125 0.17578125 0.20234375
0 0.36015625 0.31640625 0.13203125 0.225
0 0.48203125 0.228125 0.15078125 0.253125
0 0.6484375 0.64921875 0.159375 0.27109375
0 0.73515625 0.41640625 0.15234375 0.24296875
0 0.5453125 0.834375 0.1984375 0.1984375
0 0.25234375 0.634375 0.1859375 0.1890625
0 0.43203125 0.6703125 0.16328125 0.221875
0 0.22421875 0.20078125 0.15234375 0.24296875
0 0.63046875 0.26796875 0.1484375 0.20390625